(0, 0), [1, 1]
(4, 0), [1, 0]
(12, 0), [1, 1]
(18, 0), [-1, 1]
(20, 0), [0, 1]
(23, 0), [-1, 1]
(24, 0), [1, 0]
(45, 0), [-1, 1]
(53, 0), [1, 1]
(54, 0), [1, 1]
(58, 0), [-1, 1]
(66, 0), [-1, 0]
(81, 0), [1, 1]
(98, 0), [-1, 0]
(100, 0), [1, 0]
(100, 0), [1, 1]
(104, 0), [1, 0]
(121, 0), [1, 0]
(4, 1), [-1, 1]
(16, 1), [1, 0]
(58, 1), [1, 0]
(69, 1), [-1, 1]
(77, 1), [-1, 0]
(83, 1), [-1, 0]
(90, 1), [-1, 1]
(90, 1), [1, 1]
(91, 1), [1, 1]
(94, 1), [1, 0]
(106, 1), [1, 1]
(110, 1), [-1, 1]
(111, 1), [1, 0]
(120, 1), [1, 0]
(4, 2), [-1, 0]
(13, 2), [-1, 1]
(53, 2), [1, 1]
(100, 2), [1, 0]
(116, 2), [-1, 0]
(122, 2), [-1, 1]
(8, 3), [-1, 1]
(30, 3), [-1, 0]
(30, 3), [-1, 1]
(30, 3), [1, -1]
(35, 3), [-1, 1]
(40, 3), [-1, -1]
(69, 3), [-1, 1]
(74, 3), [-1, -1]
(79, 3), [-1, 0]
(79, 3), [0, -1]
(90, 3), [-1, -1]
(90, 3), [0, 1]
(90, 3), [1, -1]
(91, 3), [-1, 1]
(100, 3), [1, -1]
(102, 3), [-1, -1]
(104, 3), [1, 1]
(106, 3), [-1, -1]
(106, 3), [1, -1]
(110, 3), [-1, -1]
(113, 3), [-1, 1]
(113, 3), [1, 0]
(119, 3), [-1, 0]
(119, 3), [0, -1]
(126, 3), [0, -1]
(126, 3), [1, 1]
(128, 3), [1, -1]
(0, 4), [1, -1]
(8, 4), [-1, -1]
(9, 4), [1, -1]
(18, 4), [-1, -1]
(19, 4), [0, 1]
(24, 4), [0, -1]
(24, 4), [1, 0]
(36, 4), [0, -1]
(36, 4), [0, 1]
(37, 4), [-1, 1]
(37, 4), [1, 0]
(43, 4), [1, 1]
(60, 4), [0, 1]
(69, 4), [-1, -1]
(85, 4), [-1, 1]
(106, 4), [-1, 0]
(111, 4), [1, 0]
(128, 4), [1, -1]
(7, 5), [0, 1]
(7, 5), [1, 0]
(7, 5), [1, 1]
(11, 5), [-1, -1]
(17, 5), [-1, 0]
(17, 5), [-1, 1]
(22, 5), [0, 1]
(22, 5), [1, 0]
(54, 5), [-1, -1]
(63, 5), [1, 1]
(69, 5), [-1, -1]
(69, 5), [-1, 1]
(69, 5), [1, 1]
(75, 5), [-1, -1]
(75, 5), [1, 1]
(77, 5), [-1, -1]
(77, 5), [-1, 1]
(87, 5), [0, 1]
(87, 5), [1, -1]
(98, 5), [-1, -1]
(98, 5), [1, 1]
(109, 5), [1, 0]
(113, 5), [-1, -1]
(113, 5), [1, 0]
(117, 5), [1, 1]
(127, 5), [0, -1]
(134, 5), [-1, -1]
(14, 6), [-1, -1]
(55, 6), [0, -1]
(59, 6), [1, -1]
(61, 6), [-1, -1]
(61, 6), [1, -1]
(69, 6), [1, 1]
(79, 6), [1, -1]
(81, 6), [1, -1]
(84, 6), [0, -1]
(102, 6), [1, -1]
(112, 6), [1, 1]
(117, 6), [-1, 0]
(8, 7), [-1, -1]
(8, 7), [0, 1]
(8, 7), [1, 1]
(20, 7), [1, 1]
(23, 7), [0, 1]
(24, 7), [-1, 1]
(24, 7), [1, 1]
(25, 7), [0, 1]
(31, 7), [1, 0]
(47, 7), [-1, 1]
(47, 7), [1, -1]
(48, 7), [0, -1]
(48, 7), [1, -1]
(54, 7), [-1, -1]
(54, 7), [1, 0]
(58, 7), [-1, 1]
(64, 7), [1, -1]
(64, 7), [1, 1]
(69, 7), [-1, -1]
(73, 7), [-1, -1]
(79, 7), [1, -1]
(101, 7), [-1, -1]
(121, 7), [1, 1]
(125, 7), [1, 1]
(128, 7), [0, 1]
(130, 7), [1, 0]
(134, 7), [1, -1]
(134, 7), [1, 1]
(136, 7), [0, -1]
(136, 7), [1, 1]
(138, 7), [0, -1]
(18, 8), [-1, 1]
(32, 8), [-1, 1]
(80, 8), [1, -1]
(90, 8), [-1, 0]
(113, 8), [1, -1]
(113, 8), [1, 1]
(127, 8), [-1, -1]
(7, 9), [1, -1]
(11, 9), [-1, 1]
(13, 9), [-1, -1]
(15, 9), [1, -1]
(21, 9), [0, -1]
(41, 9), [-1, 0]
(47, 9), [1, -1]
(57, 9), [1, 1]
(59, 9), [1, -1]
(61, 9), [-1, 1]
(63, 9), [1, -1]
(65, 9), [-1, -1]
(71, 9), [1, 1]
(75, 9), [-1, 1]
(75, 9), [1, -1]
(75, 9), [1, 1]
(77, 9), [-1, 1]
(95, 9), [-1, -1]
(101, 9), [-1, -1]
(102, 9), [1, 1]
(103, 9), [0, 1]
(106, 9), [-1, 1]
(110, 9), [-1, -1]
(113, 9), [-1, -1]
(121, 9), [1, -1]
(122, 9), [-1, 1]
(122, 9), [0, -1]
(125, 9), [-1, -1]
(129, 9), [-1, -1]
(35, 10), [-1, 1]
(39, 10), [1, 0]
(47, 10), [-1, 0]
(62, 10), [0, 1]
(77, 10), [-1, -1]
(80, 10), [1, -1]
(84, 10), [-1, 1]
(108, 10), [1, 1]
(116, 10), [1, 0]
(122, 10), [-1, 0]
(0, 11), [1, 0]
(4, 11), [-1, 1]
(10, 11), [-1, -1]
(10, 11), [0, -1]
(14, 11), [0, -1]
(14, 11), [1, -1]
(22, 11), [0, -1]
(23, 11), [1, -1]
(24, 11), [-1, 1]
(24, 11), [0, -1]
(25, 11), [-1, -1]
(26, 11), [1, 1]
(28, 11), [-1, 1]
(37, 11), [-1, 1]
(37, 11), [1, -1]
(44, 11), [1, 1]
(70, 11), [-1, -1]
(79, 11), [-1, 0]
(79, 11), [0, -1]
(80, 11), [-1, -1]
(90, 11), [1, 1]
(96, 11), [-1, 1]
(96, 11), [0, 1]
(98, 11), [-1, 1]
(98, 11), [1, -1]
(102, 11), [-1, 1]
(105, 11), [0, -1]
(107, 11), [0, -1]
(121, 11), [1, 0]
(11, 12), [-1, 1]
(16, 12), [-1, 0]
(43, 12), [-1, 0]
(43, 12), [-1, 1]
(54, 12), [-1, -1]
(61, 12), [1, -1]
(65, 12), [-1, 1]
(81, 12), [-1, 0]
(85, 12), [1, -1]
(106, 12), [1, 1]
(113, 12), [-1, 1]
(113, 12), [0, 1]
(113, 12), [1, -1]
(114, 12), [-1, 1]
(136, 12), [1, -1]
(136, 12), [1, 0]
(11, 13), [-1, -1]
(12, 13), [1, 0]
(18, 13), [-1, 0]
(24, 13), [1, 0]
(44, 13), [1, 0]
(65, 13), [1, -1]
(71, 13), [-1, -1]
(71, 13), [-1, 1]
(79, 13), [-1, 0]
(79, 13), [0, 1]
(80, 13), [-1, 1]
(80, 13), [1, 1]
(90, 13), [-1, 0]
(90, 13), [1, 0]
(98, 13), [1, 0]
(116, 13), [1, -1]
(124, 13), [1, -1]
(125, 13), [1, 1]
(128, 13), [0, 1]
(131, 13), [-1, -1]
(131, 13), [1, 0]
(131, 13), [1, 1]
(4, 14), [-1, 0]
(4, 14), [-1, 1]
(12, 14), [1, -1]
(50, 14), [-1, -1]
(69, 14), [1, -1]
(71, 14), [1, 0]
(77, 14), [-1, 0]
(88, 14), [1, 0]
(94, 14), [-1, 1]
(0, 15), [1, 1]
(11, 15), [-1, -1]
(16, 15), [-1, -1]
(28, 15), [-1, -1]
(47, 15), [0, 1]
(49, 15), [-1, 1]
(49, 15), [0, 1]
(65, 15), [-1, 0]
(65, 15), [-1, 1]
(71, 15), [-1, 1]
(71, 15), [1, -1]
(81, 15), [1, 1]
(92, 15), [1, 1]
(101, 15), [-1, 1]
(102, 15), [-1, -1]
(102, 15), [1, -1]
(116, 15), [1, -1]
(118, 15), [1, 1]
(119, 15), [0, -1]
(124, 15), [1, 1]
(129, 15), [-1, -1]
(0, 16), [1, -1]
(4, 16), [-1, -1]
(8, 16), [1, 1]
(21, 16), [-1, 1]
(51, 16), [0, -1]
(55, 16), [1, 1]
(59, 16), [-1, 1]
(59, 16), [1, -1]
(59, 16), [1, 0]
(63, 16), [1, -1]
(63, 16), [1, 0]
(84, 16), [1, -1]
(101, 16), [-1, 0]
(108, 16), [-1, -1]
(114, 16), [-1, 1]
(115, 16), [-1, 1]
(136, 16), [1, -1]
(139, 16), [-1, -1]
(22, 17), [1, -1]
(26, 17), [-1, 1]
(32, 17), [-1, -1]
(32, 17), [1, 1]
(36, 17), [-1, 1]
(41, 17), [-1, -1]
(45, 17), [-1, 0]
(45, 17), [0, -1]
(50, 17), [-1, -1]
(52, 17), [1, -1]
(54, 17), [0, -1]
(67, 17), [0, 1]
(67, 17), [1, 0]
(74, 17), [-1, 1]
(77, 17), [-1, 1]
(77, 17), [1, 1]
(84, 17), [1, 0]
(107, 17), [-1, 1]
(115, 17), [1, 1]
(121, 17), [-1, 1]
(125, 17), [0, -1]
(131, 17), [1, 1]
(133, 17), [-1, 1]
(133, 17), [1, 1]
(11, 18), [1, 1]
(16, 18), [1, 1]
(32, 18), [1, -1]
(65, 18), [-1, 0]
(80, 18), [-1, -1]
(88, 18), [1, -1]
(97, 18), [1, 1]
(110, 18), [1, -1]
(1, 19), [0, 1]
(2, 19), [0, 1]
(38, 19), [-1, 0]
(38, 19), [0, 1]
(48, 19), [1, 1]
(49, 19), [-1, -1]
(49, 19), [0, 1]
(61, 19), [-1, -1]
(69, 19), [1, -1]
(69, 19), [1, 1]
(73, 19), [0, -1]
(73, 19), [1, 0]
(81, 19), [-1, 0]
(81, 19), [0, -1]
(84, 19), [-1, -1]
(86, 19), [1, 1]
(118, 19), [0, -1]
(118, 19), [1, -1]
(123, 19), [1, 0]
(129, 19), [-1, -1]
(11, 20), [1, 1]
(12, 20), [0, -1]
(32, 20), [1, 1]
(55, 20), [0, -1]
(65, 20), [-1, -1]
(65, 20), [1, 1]
(73, 20), [1, 1]
(84, 20), [1, -1]
(88, 20), [1, -1]
(110, 20), [0, 1]
(112, 20), [-1, 1]
(112, 20), [1, 1]
(139, 20), [-1, 0]
(139, 20), [0, -1]
(6, 21), [1, -1]
(10, 21), [-1, -1]
(34, 21), [1, 1]
(39, 21), [0, 1]
(47, 21), [-1, -1]
(58, 21), [1, 1]
(83, 21), [1, 0]
(87, 21), [-1, 1]
(87, 21), [1, 1]
(96, 21), [-1, -1]
(96, 21), [-1, 1]
(112, 21), [1, 0]
(117, 21), [0, -1]
(118, 21), [1, -1]
(119, 21), [1, -1]
(139, 21), [-1, 1]
(3, 22), [-1, 1]
(6, 22), [-1, -1]
(11, 22), [1, -1]
(12, 22), [-1, 1]
(14, 22), [-1, 1]
(32, 22), [1, 1]
(79, 22), [-1, -1]
(79, 22), [-1, 1]
(79, 22), [0, 1]
(111, 22), [-1, -1]
(112, 22), [-1, 1]
(130, 22), [1, 1]
(19, 23), [-1, 1]
(19, 23), [1, -1]
(25, 23), [-1, -1]
(34, 23), [1, -1]
(37, 23), [0, -1]
(37, 23), [1, 1]
(42, 23), [-1, -1]
(42, 23), [0, -1]
(42, 23), [0, 1]
(43, 23), [-1, 1]
(44, 23), [-1, -1]
(44, 23), [1, -1]
(48, 23), [-1, -1]
(49, 23), [0, 1]
(69, 23), [1, -1]
(75, 23), [-1, -1]
(75, 23), [1, -1]
(92, 23), [-1, 1]
(103, 23), [-1, -1]
(130, 23), [1, 0]
(130, 23), [1, 1]
(134, 23), [0, -1]
(139, 23), [-1, -1]
(11, 24), [-1, -1]
(11, 24), [-1, 1]
(11, 24), [1, -1]
(11, 24), [1, 1]
(13, 24), [1, 1]
(17, 24), [-1, 1]
(17, 24), [1, 1]
(19, 24), [1, 0]
(32, 24), [1, -1]
(50, 24), [1, -1]
(62, 24), [1, 1]
(65, 24), [0, -1]
(70, 24), [-1, 1]
(87, 24), [-1, 0]
(92, 24), [1, -1]
(103, 24), [-1, -1]
(118, 24), [-1, -1]
(123, 24), [0, -1]
(124, 24), [-1, 1]
(124, 24), [1, -1]
(130, 24), [-1, -1]
(135, 24), [0, 1]
(135, 24), [1, -1]
(25, 25), [1, -1]
(62, 25), [1, 1]
(65, 25), [-1, -1]
(87, 25), [-1, -1]
(92, 25), [-1, -1]
(97, 25), [1, 1]
(101, 25), [-1, 0]
(6, 26), [0, -1]
(6, 26), [1, 1]
(11, 26), [1, 0]
(17, 26), [-1, -1]
(38, 26), [-1, -1]
(48, 26), [-1, 1]
(48, 26), [1, 1]
(66, 26), [0, -1]
(73, 26), [1, -1]
(73, 26), [1, 1]
(124, 26), [-1, -1]
(126, 26), [1, 1]
(136, 26), [-1, -1]
(136, 26), [1, 1]
(17, 27), [-1, 1]
(19, 27), [-1, -1]
(25, 27), [-1, -1]
(25, 27), [-1, 1]
(30, 27), [1, -1]
(32, 27), [-1, -1]
(32, 27), [0, 1]
(39, 27), [0, -1]
(41, 27), [0, -1]
(42, 27), [-1, -1]
(77, 27), [-1, -1]
(77, 27), [1, 1]
(81, 27), [-1, 0]
(81, 27), [-1, 1]
(88, 27), [0, -1]
(89, 27), [1, 0]
(126, 27), [1, -1]
(130, 27), [-1, -1]
(134, 27), [-1, 1]
(138, 27), [-1, 0]
(6, 28), [1, 1]
(10, 28), [0, 1]
(26, 28), [1, 1]
(27, 28), [-1, -1]
(27, 28), [1, 1]
(40, 28), [-1, 1]
(44, 28), [0, -1]
(53, 28), [1, 0]
(66, 28), [1, 0]
(66, 28), [1, 1]
(70, 28), [-1, 1]
(73, 28), [1, -1]
(84, 28), [1, 1]
(88, 28), [-1, 0]
(88, 28), [-1, 1]
(89, 28), [1, 0]
(93, 28), [-1, 1]
(107, 28), [-1, 0]
(114, 28), [-1, 1]
(116, 28), [1, -1]
(119, 28), [0, -1]
(119, 28), [1, -1]
(122, 28), [0, -1]
(123, 28), [-1, -1]
(123, 28), [1, 1]
(126, 28), [0, 1]
(129, 28), [-1, 1]
(130, 28), [-1, -1]
(5, 29), [0, -1]
(11, 29), [1, -1]
(11, 29), [1, 1]
(17, 29), [-1, -1]
(17, 29), [-1, 0]
(17, 29), [-1, 1]
(25, 29), [0, 1]
(26, 29), [-1, 1]
(58, 29), [1, -1]
(60, 29), [1, 1]
(64, 29), [-1, -1]
(64, 29), [1, 1]
(77, 29), [-1, -1]
(84, 29), [1, 1]
(91, 29), [1, 0]
(96, 29), [1, 1]
(104, 29), [-1, 1]
(112, 29), [1, 0]
(117, 29), [1, 0]
(1, 30), [1, 0]
(5, 30), [-1, 1]
(6, 30), [1, -1]
(13, 30), [-1, -1]
(21, 30), [1, -1]
(30, 30), [-1, -1]
(31, 30), [0, -1]
(31, 30), [1, 1]
(35, 30), [1, -1]
(41, 30), [-1, -1]
(48, 30), [1, -1]
(50, 30), [1, 1]
(53, 30), [1, -1]
(53, 30), [1, 0]
(62, 30), [1, -1]
(66, 30), [1, -1]
(93, 30), [1, 1]
(95, 30), [0, -1]
(117, 30), [-1, 1]
(122, 30), [1, -1]
(134, 30), [-1, 0]
(135, 30), [0, -1]
(135, 30), [0, 1]
(1, 31), [1, -1]
(3, 31), [-1, 1]
(3, 31), [1, 1]
(7, 31), [0, 1]
(7, 31), [1, 1]
(11, 31), [-1, 1]
(16, 31), [1, 1]
(17, 31), [-1, -1]
(17, 31), [-1, 1]
(38, 31), [1, 1]
(43, 31), [-1, 1]
(49, 31), [-1, 0]
(55, 31), [-1, 0]
(64, 31), [1, 1]
(82, 31), [0, -1]
(88, 31), [-1, -1]
(93, 31), [-1, 0]
(95, 31), [-1, -1]
(100, 31), [0, -1]
(104, 31), [-1, -1]
(117, 31), [-1, 0]
(136, 31), [-1, 0]
(40, 32), [-1, 1]
(43, 32), [1, 1]
(49, 32), [-1, 1]
(50, 32), [1, -1]
(70, 32), [-1, 0]
(70, 32), [1, 1]
(74, 32), [-1, -1]
(74, 32), [0, -1]
(74, 32), [1, 1]
(76, 32), [0, -1]
(76, 32), [1, 0]
(83, 32), [1, 1]
(86, 32), [0, 1]
(110, 32), [-1, 1]
(130, 32), [-1, -1]
(130, 32), [1, 1]
(134, 32), [-1, 0]
(134, 32), [-1, 1]
(62, 33), [1, 1]
(64, 33), [1, -1]
(76, 33), [-1, 0]
(76, 33), [1, -1]
(105, 33), [0, -1]
(125, 33), [0, 1]
(17, 34), [-1, 0]
(22, 34), [-1, 0]
(25, 34), [1, -1]
(29, 34), [1, 1]
(31, 34), [1, -1]
(33, 34), [-1, -1]
(43, 34), [1, -1]
(49, 34), [1, 0]
(55, 34), [-1, -1]
(55, 34), [-1, 0]
(68, 34), [-1, -1]
(80, 34), [-1, 0]
(82, 34), [1, -1]
(82, 34), [1, 1]
(90, 34), [-1, -1]
(94, 34), [0, 1]
(97, 34), [-1, 1]
(100, 34), [1, -1]
(104, 34), [-1, 1]
(106, 34), [1, 0]
(128, 34), [0, -1]
(130, 34), [1, -1]
(139, 34), [-1, 1]
(1, 35), [1, 1]
(3, 35), [-1, 1]
(3, 35), [1, -1]
(51, 35), [-1, -1]
(56, 35), [0, -1]
(56, 35), [1, -1]
(57, 35), [-1, -1]
(57, 35), [0, -1]
(58, 35), [-1, 1]
(58, 35), [0, -1]
(67, 35), [1, 1]
(70, 35), [1, 0]
(76, 35), [-1, -1]
(81, 35), [0, -1]
(98, 35), [1, 0]
(5, 36), [-1, -1]
(30, 36), [0, -1]
(32, 36), [-1, -1]
(34, 36), [-1, 1]
(34, 36), [1, -1]
(41, 36), [1, 1]
(45, 36), [-1, 0]
(45, 36), [0, -1]
(45, 36), [1, 1]
(48, 36), [0, 1]
(74, 36), [1, 0]
(88, 36), [-1, -1]
(103, 36), [0, 1]
(104, 36), [1, 1]
(108, 36), [1, -1]
(110, 36), [-1, -1]
(112, 36), [1, -1]
(118, 36), [0, 1]
(138, 36), [-1, -1]
(7, 37), [0, -1]
(7, 37), [1, 1]
(11, 37), [-1, 0]
(11, 37), [1, -1]
(22, 37), [-1, -1]
(38, 37), [1, -1]
(58, 37), [-1, 0]
(58, 37), [-1, 1]
(77, 37), [1, 1]
(93, 37), [-1, 1]
(108, 37), [1, -1]
(122, 37), [-1, -1]
(122, 37), [1, 1]
(127, 37), [-1, -1]
(11, 38), [-1, 1]
(23, 38), [-1, 0]
(23, 38), [1, -1]
(35, 38), [-1, -1]
(40, 38), [-1, -1]
(40, 38), [-1, 1]
(41, 38), [1, -1]
(41, 38), [1, 1]
(52, 38), [1, 0]
(59, 38), [0, -1]
(64, 38), [-1, 1]
(64, 38), [1, 1]
(69, 38), [1, 1]
(88, 38), [-1, -1]
(93, 38), [0, 1]
(93, 38), [1, 1]
(101, 38), [-1, 0]
(101, 38), [1, 1]
(105, 38), [0, -1]
(108, 38), [-1, -1]
(133, 38), [0, -1]
(136, 38), [-1, -1]
(1, 39), [0, 1]
(1, 39), [1, -1]
(3, 39), [-1, -1]
(7, 39), [1, -1]
(11, 39), [-1, -1]
(11, 39), [-1, 0]
(13, 39), [-1, 1]
(19, 39), [1, 1]
(21, 39), [1, -1]
(21, 39), [1, 1]
(22, 39), [0, 1]
(27, 39), [-1, 1]
(32, 39), [-1, 1]
(51, 39), [0, -1]
(64, 39), [-1, 0]
(126, 39), [-1, -1]
(126, 39), [1, -1]
(130, 39), [-1, -1]
(11, 40), [-1, -1]
(11, 40), [-1, 1]
(18, 40), [-1, -1]
(18, 40), [-1, 1]
(29, 40), [1, -1]
(33, 40), [1, 1]
(41, 40), [1, -1]
(44, 40), [-1, 1]
(44, 40), [1, -1]
(47, 40), [-1, -1]
(47, 40), [1, 0]
(56, 40), [-1, -1]
(56, 40), [-1, 1]
(63, 40), [1, 1]
(64, 40), [-1, -1]
(64, 40), [-1, 1]
(67, 40), [-1, 1]
(67, 40), [1, 1]
(69, 40), [-1, 1]
(75, 40), [-1, 1]
(75, 40), [0, -1]
(85, 40), [1, 1]
(88, 40), [1, 1]
(127, 40), [0, 1]
(59, 41), [-1, 1]
(77, 41), [1, -1]
(114, 41), [-1, -1]
(119, 41), [-1, -1]
(129, 41), [-1, -1]
(129, 41), [1, -1]
(132, 41), [1, 1]
(133, 41), [-1, -1]
(8, 42), [-1, 0]
(13, 42), [-1, 0]
(13, 42), [0, 1]
(25, 42), [1, -1]
(38, 42), [1, -1]
(40, 42), [1, -1]
(43, 42), [0, -1]
(47, 42), [-1, -1]
(49, 42), [1, -1]
(55, 42), [1, 1]
(63, 42), [0, 1]
(64, 42), [-1, -1]
(71, 42), [1, 0]
(75, 42), [-1, -1]
(75, 42), [-1, 1]
(84, 42), [1, -1]
(89, 42), [1, -1]
(91, 42), [1, 1]
(93, 42), [1, -1]
(97, 42), [-1, 1]
(129, 42), [0, 1]
(134, 42), [-1, 1]
(134, 42), [0, -1]
(134, 42), [1, -1]
(3, 43), [0, 1]
(11, 43), [-1, 0]
(22, 43), [-1, -1]
(22, 43), [-1, 0]
(22, 43), [1, -1]
(24, 43), [-1, -1]
(27, 43), [-1, -1]
(38, 43), [-1, 1]
(38, 43), [1, 0]
(49, 43), [-1, 0]
(58, 43), [1, 1]
(77, 43), [-1, -1]
(77, 43), [1, -1]
(81, 43), [1, 1]
(83, 43), [0, 1]
(83, 43), [1, 1]
(103, 43), [-1, 0]
(110, 43), [-1, 1]
(113, 43), [-1, -1]
(113, 43), [1, -1]
(113, 43), [1, 1]
(122, 43), [1, -1]
(122, 43), [1, 0]
(122, 43), [1, 1]
(126, 43), [-1, -1]
(9, 44), [0, 1]
(9, 44), [1, -1]
(12, 44), [-1, 1]
(28, 44), [1, -1]
(46, 44), [-1, 1]
(60, 44), [0, -1]
(60, 44), [1, 1]
(69, 44), [1, 1]
(71, 44), [0, 1]
(75, 44), [-1, -1]
(101, 44), [1, -1]
(103, 44), [-1, -1]
(122, 44), [1, 0]
(128, 44), [-1, 0]
(136, 44), [0, -1]
(1, 45), [0, -1]
(18, 45), [-1, 1]
(25, 45), [-1, -1]
(25, 45), [1, 1]
(27, 45), [-1, -1]
(27, 45), [-1, 1]
(27, 45), [0, 1]
(38, 45), [1, 1]
(59, 45), [-1, 1]
(64, 45), [1, 1]
(82, 45), [-1, 0]
(82, 45), [-1, 1]
(89, 45), [-1, -1]
(117, 45), [0, -1]
(126, 45), [-1, 0]
(11, 46), [-1, 1]
(52, 46), [0, -1]
(68, 46), [-1, 1]
(69, 46), [-1, -1]
(69, 46), [1, 1]
(88, 46), [1, 1]
(91, 46), [0, -1]
(98, 46), [-1, 1]
(115, 46), [-1, -1]
(115, 46), [-1, 0]
(115, 46), [1, 1]
(119, 46), [-1, 1]
(122, 46), [-1, 1]
(122, 46), [1, 1]
(124, 46), [-1, 1]
(124, 46), [1, -1]
(124, 46), [1, 1]
(126, 46), [-1, 1]
(127, 46), [0, 1]
(127, 46), [1, -1]
(3, 47), [1, -1]
(23, 47), [1, 0]
(34, 47), [-1, 1]
(34, 47), [0, 1]
(42, 47), [-1, -1]
(42, 47), [0, 1]
(48, 47), [0, -1]
(48, 47), [1, 1]
(100, 47), [-1, 1]
(0, 48), [1, 1]
(4, 48), [-1, 0]
(7, 48), [0, 1]
(21, 48), [1, -1]
(54, 48), [-1, 0]
(59, 48), [-1, 0]
(61, 48), [0, 1]
(64, 48), [1, 0]
(69, 48), [1, -1]
(75, 48), [0, -1]
(75, 48), [0, 1]
(80, 48), [-1, -1]
(95, 48), [-1, -1]
(98, 48), [1, 0]
(112, 48), [-1, 0]
(118, 48), [0, -1]
(119, 48), [-1, -1]
(129, 48), [0, -1]
(129, 48), [1, 1]
(130, 48), [0, -1]
(130, 48), [1, 1]
(132, 48), [-1, -1]
(139, 48), [0, 1]
(19, 49), [1, 1]
(25, 49), [-1, 1]
(25, 49), [0, 1]
(25, 49), [1, -1]
(25, 49), [1, 1]
(30, 49), [0, 1]
(30, 49), [1, -1]
(33, 49), [-1, 1]
(33, 49), [0, -1]
(38, 49), [1, 1]
(40, 49), [-1, 1]
(41, 49), [-1, 1]
(44, 49), [-1, 1]
(44, 49), [1, -1]
(44, 49), [1, 1]
(48, 49), [-1, -1]
(48, 49), [-1, 1]
(48, 49), [1, -1]
(66, 49), [1, 1]
(80, 49), [1, -1]
(80, 49), [1, 1]
(83, 49), [1, -1]
(83, 49), [1, 0]
(94, 49), [-1, 0]
(100, 49), [-1, -1]
(100, 49), [-1, 1]
(100, 49), [1, 1]
(102, 49), [1, -1]
(134, 49), [0, -1]
(3, 50), [-1, 1]
(8, 50), [-1, -1]
(18, 50), [0, 1]
(48, 50), [-1, -1]
(48, 50), [1, 0]
(60, 50), [1, -1]
(70, 50), [1, -1]
(98, 50), [1, 1]
(14, 51), [1, 0]
(32, 51), [0, -1]
(44, 51), [-1, -1]
(47, 51), [-1, 1]
(54, 51), [-1, -1]
(66, 51), [-1, 1]
(105, 51), [0, 1]
(112, 51), [-1, -1]
(112, 51), [1, -1]
(116, 51), [-1, -1]
(3, 52), [-1, 0]
(9, 52), [-1, -1]
(13, 52), [1, 1]
(44, 52), [-1, 0]
(50, 52), [1, -1]
(66, 52), [-1, -1]
(66, 52), [1, -1]
(68, 52), [-1, -1]
(68, 52), [0, 1]
(75, 52), [-1, 0]
(92, 52), [1, 0]
(98, 52), [1, -1]
(108, 52), [1, -1]
(108, 52), [1, 1]
(116, 52), [-1, -1]
(116, 52), [-1, 1]
(129, 52), [1, -1]
(135, 52), [-1, 1]
(135, 52), [1, -1]
(138, 52), [0, -1]
(1, 53), [0, 1]
(27, 53), [0, -1]
(27, 53), [0, 1]
(36, 53), [-1, -1]
(38, 53), [1, -1]
(41, 53), [-1, -1]
(47, 53), [-1, -1]
(54, 53), [-1, -1]
(54, 53), [-1, 1]
(63, 53), [1, 1]
(65, 53), [-1, 1]
(66, 53), [-1, -1]
(66, 53), [1, -1]
(75, 53), [1, -1]
(75, 53), [1, 1]
(90, 53), [1, -1]
(93, 53), [0, -1]
(95, 53), [-1, 1]
(100, 53), [-1, -1]
(100, 53), [1, -1]
(104, 53), [0, 1]
(116, 53), [-1, 0]
(129, 53), [-1, 0]
(4, 54), [1, -1]
(9, 54), [1, 0]
(9, 54), [1, 1]
(13, 54), [-1, 1]
(13, 54), [0, 1]
(16, 54), [-1, 1]
(38, 54), [-1, 0]
(50, 54), [-1, 1]
(50, 54), [1, 1]
(61, 54), [-1, -1]
(69, 54), [1, 0]
(75, 54), [-1, 0]
(82, 54), [1, 0]
(89, 54), [0, 1]
(116, 54), [-1, -1]
(116, 54), [1, 1]
(119, 54), [1, 1]
(128, 54), [1, 1]
(129, 54), [1, -1]
(131, 54), [1, -1]
(134, 54), [0, -1]
(134, 54), [1, -1]
(134, 54), [1, 1]
(135, 54), [-1, -1]
(136, 54), [-1, -1]
(136, 54), [1, 1]
(22, 55), [0, -1]
(23, 55), [-1, -1]
(23, 55), [1, -1]
(23, 55), [1, 1]
(29, 55), [-1, 1]
(29, 55), [1, -1]
(38, 55), [0, 1]
(56, 55), [-1, 0]
(69, 55), [-1, 1]
(69, 55), [1, -1]
(75, 55), [-1, -1]
(75, 55), [1, 1]
(78, 55), [-1, 1]
(82, 55), [1, 0]
(82, 55), [1, 1]
(98, 55), [-1, -1]
(101, 55), [1, -1]
(106, 55), [-1, 1]
(110, 55), [-1, 0]
(21, 56), [-1, -1]
(21, 56), [1, 1]
(54, 56), [-1, 0]
(65, 56), [1, 1]
(82, 56), [1, 0]
(97, 56), [1, 0]
(116, 56), [-1, -1]
(116, 56), [1, -1]
(120, 56), [-1, -1]
(120, 56), [-1, 0]
(120, 56), [0, -1]
(120, 56), [1, -1]
(137, 56), [-1, 1]
(137, 56), [0, -1]
(4, 57), [0, 1]
(11, 57), [-1, -1]
(11, 57), [1, 1]
(16, 57), [0, 1]
(20, 57), [-1, 1]
(29, 57), [-1, -1]
(37, 57), [-1, 1]
(45, 57), [-1, 1]
(54, 57), [-1, -1]
(54, 57), [1, 0]
(59, 57), [0, -1]
(65, 57), [-1, -1]
(71, 57), [-1, 1]
(71, 57), [1, 1]
(92, 57), [1, -1]
(100, 57), [0, 1]
(101, 57), [1, 1]
(103, 57), [-1, 1]
(103, 57), [0, -1]
(31, 58), [-1, 1]
(48, 58), [0, 1]
(50, 58), [-1, -1]
(50, 58), [1, -1]
(69, 58), [-1, -1]
(69, 58), [-1, 0]
(91, 58), [-1, -1]
(104, 58), [1, -1]
(108, 58), [1, -1]
(111, 58), [-1, 1]
(125, 58), [0, -1]
(125, 58), [1, -1]
(125, 58), [1, 0]
(0, 59), [1, 1]
(5, 59), [-1, -1]
(5, 59), [1, -1]
(6, 59), [0, -1]
(8, 59), [0, -1]
(37, 59), [-1, -1]
(45, 59), [-1, -1]
(56, 59), [-1, 0]
(56, 59), [1, 1]
(74, 59), [1, 1]
(75, 59), [-1, -1]
(75, 59), [0, 1]
(75, 59), [1, -1]
(75, 59), [1, 1]
(76, 59), [-1, 1]
(76, 59), [1, 1]
(77, 59), [0, 1]
(92, 59), [-1, 1]
(98, 59), [-1, -1]
(98, 59), [-1, 0]
(126, 59), [-1, 1]
(126, 59), [1, 0]
(131, 59), [-1, 1]
(133, 59), [-1, 1]
(8, 60), [1, 1]
(12, 60), [-1, 0]
(22, 60), [0, 1]
(24, 60), [-1, -1]
(24, 60), [-1, 1]
(24, 60), [0, 1]
(27, 60), [-1, 1]
(31, 60), [1, 0]
(37, 60), [-1, 0]
(52, 60), [-1, 1]
(92, 60), [-1, -1]
(114, 60), [0, 1]
(114, 60), [1, 1]
(115, 60), [-1, -1]
(115, 60), [-1, 1]
(1, 61), [0, -1]
(1, 61), [0, 1]
(3, 61), [1, 0]
(3, 61), [1, 1]
(25, 61), [1, 0]
(32, 61), [0, -1]
(33, 61), [-1, -1]
(52, 61), [1, -1]
(52, 61), [1, 0]
(81, 61), [0, -1]
(81, 61), [1, -1]
(83, 61), [-1, -1]
(83, 61), [1, 1]
(85, 61), [-1, -1]
(85, 61), [0, -1]
(85, 61), [0, 1]
(98, 61), [-1, 1]
(98, 61), [1, -1]
(99, 61), [0, 1]
(100, 61), [1, -1]
(103, 61), [0, -1]
(19, 62), [1, -1]
(19, 62), [1, 1]
(35, 62), [-1, 0]
(36, 62), [0, 1]
(49, 62), [0, -1]
(52, 62), [-1, -1]
(52, 62), [-1, 1]
(53, 62), [1, 1]
(55, 62), [-1, 1]
(56, 62), [1, -1]
(56, 62), [1, 0]
(88, 62), [1, 1]
(90, 62), [1, 1]
(91, 62), [0, 1]
(92, 62), [-1, -1]
(93, 62), [0, 1]
(102, 62), [1, 0]
(3, 63), [-1, 1]
(3, 63), [1, -1]
(16, 63), [1, 1]
(18, 63), [0, -1]
(32, 63), [0, 1]
(35, 63), [-1, 1]
(35, 63), [1, 0]
(58, 63), [1, 1]
(60, 63), [0, 1]
(60, 63), [1, -1]
(62, 63), [1, 1]
(67, 63), [0, 1]
(68, 63), [1, 1]
(78, 63), [-1, 1]
(79, 63), [1, 1]
(81, 63), [1, 1]
(82, 63), [-1, -1]
(82, 63), [0, 1]
(82, 63), [1, 1]
(83, 63), [-1, 1]
(84, 63), [0, 1]
(86, 63), [-1, -1]
(86, 63), [1, 1]
(108, 63), [-1, -1]
(109, 63), [-1, -1]
(120, 63), [0, -1]
(9, 64), [-1, -1]
(23, 64), [0, 1]
(23, 64), [1, 1]
(31, 64), [-1, -1]
(35, 64), [1, -1]
(42, 64), [1, -1]
(44, 64), [-1, 1]
(48, 64), [-1, -1]
(51, 64), [1, 0]
(57, 64), [-1, 0]
(76, 64), [-1, 0]
(76, 64), [-1, 1]
(107, 64), [0, 1]
(110, 64), [0, 1]
(133, 64), [-1, -1]
(136, 64), [-1, -1]
(136, 64), [1, -1]
(0, 65), [0, -1]
(2, 65), [0, -1]
(2, 65), [1, 1]
(9, 65), [1, 1]
(41, 65), [-1, -1]
(41, 65), [0, -1]
(48, 65), [1, 1]
(59, 65), [-1, 0]
(59, 65), [1, -1]
(62, 65), [1, -1]
(69, 65), [0, -1]
(74, 65), [1, -1]
(99, 65), [-1, -1]
(101, 65), [-1, -1]
(118, 65), [1, 1]
(124, 65), [-1, -1]
(134, 65), [1, -1]
(136, 65), [-1, -1]
(136, 65), [-1, 1]
(13, 66), [-1, -1]
(20, 66), [1, 1]
(24, 66), [-1, -1]
(24, 66), [0, -1]
(46, 66), [-1, 1]
(46, 66), [1, 1]
(50, 66), [-1, 1]
(50, 66), [0, -1]
(51, 66), [-1, -1]
(51, 66), [1, 1]
(57, 66), [-1, 1]
(68, 66), [1, 1]
(72, 66), [-1, 1]
(72, 66), [1, 0]
(95, 66), [-1, -1]
(104, 66), [1, -1]
(111, 66), [0, -1]
(111, 66), [1, 1]
(116, 66), [-1, -1]
(116, 66), [0, -1]
(117, 66), [-1, -1]
(117, 66), [-1, 1]
(126, 66), [1, 1]
(128, 66), [-1, -1]
(131, 66), [0, 1]
(136, 66), [-1, 1]
(6, 67), [-1, -1]
(25, 67), [1, 1]
(35, 67), [-1, 1]
(35, 67), [0, 1]
(46, 67), [-1, 1]
(48, 67), [1, 0]
(63, 67), [1, -1]
(64, 67), [0, -1]
(65, 67), [-1, 1]
(82, 67), [1, -1]
(85, 67), [1, 1]
(86, 67), [1, -1]
(88, 67), [-1, -1]
(88, 67), [0, 1]
(99, 67), [-1, -1]
(99, 67), [1, 0]
(111, 67), [1, 0]
(122, 67), [-1, -1]
(122, 67), [-1, 0]
(15, 68), [-1, 0]
(19, 68), [1, -1]
(21, 68), [0, -1]
(40, 68), [1, 1]
(46, 68), [-1, 0]
(46, 68), [1, -1]
(58, 68), [-1, 1]
(58, 68), [1, 0]
(72, 68), [1, 0]
(76, 68), [-1, -1]
(82, 68), [-1, 1]
(90, 68), [0, 1]
(95, 68), [-1, 1]
(120, 68), [1, -1]
(130, 68), [0, -1]
(130, 68), [1, -1]
(132, 68), [1, -1]
(1, 69), [0, 1]
(5, 69), [1, 1]
(6, 69), [0, 1]
(6, 69), [1, -1]
(8, 69), [0, 1]
(18, 69), [-1, 0]
(18, 69), [0, -1]
(31, 69), [1, -1]
(32, 69), [0, -1]
(38, 69), [-1, 1]
(62, 69), [1, 1]
(64, 69), [-1, -1]
(77, 69), [1, -1]
(105, 69), [-1, 0]
(111, 69), [1, 0]
(138, 69), [0, -1]
(139, 69), [0, 1]
(25, 70), [1, 0]
(41, 70), [-1, 0]
(41, 70), [0, -1]
(41, 70), [0, 1]
(44, 70), [1, 0]
(50, 70), [-1, 0]
(50, 70), [1, -1]
(51, 70), [1, 1]
(53, 70), [0, -1]
(57, 70), [-1, 1]
(60, 70), [0, 1]
(102, 70), [-1, 0]
(102, 70), [1, 1]
(105, 70), [1, -1]
(111, 70), [1, -1]
(113, 70), [-1, -1]
(119, 70), [1, 1]
(126, 70), [-1, -1]
(126, 70), [1, -1]
(129, 70), [1, -1]
(133, 70), [1, -1]
(0, 71), [0, 1]
(5, 71), [0, 1]
(31, 71), [-1, -1]
(48, 71), [-1, 0]
(48, 71), [1, -1]
(62, 71), [1, 0]
(62, 71), [1, 1]
(66, 71), [1, 0]
(89, 71), [1, 1]
(93, 71), [-1, 1]
(97, 71), [-1, 1]
(97, 71), [0, 1]
(98, 71), [1, 0]
(102, 71), [-1, 1]
(106, 71), [-1, 1]
(119, 71), [-1, 1]
(30, 72), [-1, 0]
(46, 72), [-1, 0]
(46, 72), [1, -1]
(48, 72), [-1, -1]
(52, 72), [1, -1]
(57, 72), [-1, 1]
(58, 72), [-1, -1]
(79, 72), [1, -1]
(93, 72), [1, -1]
(102, 72), [-1, 0]
(102, 72), [1, 1]
(117, 72), [1, 0]
(128, 72), [-1, 0]
(6, 73), [1, 1]
(9, 73), [0, 1]
(26, 73), [0, 1]
(42, 73), [1, 0]
(48, 73), [1, 0]
(62, 73), [1, -1]
(62, 73), [1, 0]
(66, 73), [1, 0]
(70, 73), [1, 1]
(98, 73), [1, 0]
(102, 73), [-1, -1]
(102, 73), [1, 0]
(114, 73), [0, 1]
(18, 74), [1, -1]
(37, 74), [1, -1]
(41, 74), [-1, -1]
(41, 74), [-1, 0]
(56, 74), [1, 1]
(58, 74), [0, 1]
(61, 74), [-1, 1]
(70, 74), [-1, 0]
(70, 74), [-1, 1]
(70, 74), [1, 1]
(76, 74), [-1, 1]
(76, 74), [1, -1]
(76, 74), [1, 0]
(82, 74), [-1, -1]
(82, 74), [0, -1]
(95, 74), [-1, 1]
(98, 74), [1, -1]
(106, 74), [-1, 0]
(1, 75), [0, -1]
(3, 75), [1, -1]
(10, 75), [-1, -1]
(14, 75), [1, -1]
(14, 75), [1, 1]
(17, 75), [0, 1]
(35, 75), [-1, -1]
(35, 75), [0, -1]
(35, 75), [0, 1]
(37, 75), [-1, 1]
(37, 75), [0, 1]
(37, 75), [1, 1]
(46, 75), [-1, -1]
(61, 75), [1, 1]
(68, 75), [-1, 0]
(70, 75), [-1, -1]
(70, 75), [1, 0]
(74, 75), [1, -1]
(74, 75), [1, 1]
(76, 75), [-1, -1]
(76, 75), [1, 0]
(76, 75), [1, 1]
(81, 75), [1, 0]
(85, 75), [1, -1]
(97, 75), [-1, -1]
(97, 75), [1, 1]
(108, 75), [0, -1]
(109, 75), [-1, 1]
(109, 75), [1, -1]
(111, 75), [-1, -1]
(111, 75), [-1, 1]
(111, 75), [1, -1]
(113, 75), [-1, -1]
(118, 75), [0, 1]
(123, 75), [-1, -1]
(123, 75), [0, 1]
(2, 76), [1, 0]
(13, 76), [0, -1]
(14, 76), [-1, -1]
(14, 76), [1, -1]
(28, 76), [1, 1]
(30, 76), [0, 1]
(33, 76), [-1, 1]
(47, 76), [-1, 1]
(47, 76), [1, 1]
(48, 76), [-1, -1]
(48, 76), [1, -1]
(49, 76), [-1, 1]
(49, 76), [1, 0]
(76, 76), [-1, 0]
(76, 76), [1, -1]
(104, 76), [-1, -1]
(119, 76), [1, -1]
(130, 76), [0, 1]
(132, 76), [1, 0]
(1, 77), [1, 1]
(2, 77), [1, -1]
(3, 77), [-1, 1]
(5, 77), [-1, 1]
(6, 77), [-1, 1]
(11, 77), [-1, 1]
(40, 77), [-1, 1]
(64, 77), [1, -1]
(98, 77), [-1, 1]
(100, 77), [-1, -1]
(100, 77), [1, -1]
(106, 77), [-1, -1]
(112, 77), [1, -1]
(116, 77), [-1, -1]
(116, 77), [0, -1]
(117, 77), [0, -1]
(117, 77), [1, -1]
(119, 77), [-1, -1]
(126, 77), [0, -1]
(16, 78), [-1, 0]
(23, 78), [-1, -1]
(27, 78), [-1, 0]
(27, 78), [1, -1]
(43, 78), [-1, 1]
(51, 78), [1, -1]
(55, 78), [-1, -1]
(55, 78), [-1, 0]
(56, 78), [-1, 1]
(56, 78), [0, -1]
(56, 78), [1, -1]
(59, 78), [-1, 1]
(59, 78), [0, 1]
(59, 78), [1, -1]
(72, 78), [0, 1]
(75, 78), [-1, 1]
(76, 78), [-1, -1]
(76, 78), [0, 1]
(81, 78), [1, -1]
(96, 78), [0, -1]
(116, 78), [-1, 1]
(127, 78), [-1, 1]
(127, 78), [0, 1]
(13, 79), [1, 1]
(21, 79), [-1, -1]
(21, 79), [1, 0]
(27, 79), [-1, -1]
(29, 79), [1, 1]
(32, 79), [0, 1]
(54, 79), [1, 0]
(63, 79), [0, -1]
(64, 79), [1, -1]
(66, 79), [1, -1]
(97, 79), [-1, 1]
(97, 79), [1, -1]
(105, 79), [0, 1]
(114, 79), [-1, 1]
(114, 79), [0, -1]
(117, 79), [1, 1]
(121, 79), [1, 1]
(123, 79), [-1, 1]
(136, 79), [1, -1]
(136, 79), [1, 1]
(138, 79), [-1, -1]
(27, 80), [-1, 0]
(50, 80), [-1, -1]
(62, 80), [-1, -1]
(62, 80), [-1, 1]
(66, 80), [0, 1]
(66, 80), [1, -1]
(67, 80), [1, 1]
(68, 80), [1, -1]
(70, 80), [-1, -1]
(82, 80), [1, -1]
(86, 80), [-1, -1]
(86, 80), [-1, 0]
(86, 80), [0, -1]
(89, 80), [-1, -1]
(90, 80), [-1, -1]
(90, 80), [-1, 1]
(90, 80), [0, -1]
(99, 80), [1, 0]
(3, 81), [1, 1]
(5, 81), [0, 1]
(6, 81), [-1, -1]
(7, 81), [-1, 1]
(7, 81), [0, -1]
(7, 81), [0, 1]
(8, 81), [1, -1]
(9, 81), [-1, 1]
(9, 81), [0, -1]
(18, 81), [1, 1]
(19, 81), [0, -1]
(52, 81), [-1, 1]
(52, 81), [0, -1]
(52, 81), [1, 1]
(82, 81), [-1, 1]
(103, 81), [-1, 0]
(107, 81), [-1, 1]
(20, 82), [1, 1]
(25, 82), [-1, 0]
(35, 82), [-1, 1]
(37, 82), [1, 0]
(41, 82), [1, 0]
(41, 82), [1, 1]
(67, 82), [1, -1]
(67, 82), [1, 1]
(71, 82), [0, -1]
(113, 82), [1, 1]
(6, 83), [-1, -1]
(8, 83), [1, 0]
(16, 83), [-1, 0]
(19, 83), [-1, 1]
(38, 83), [-1, 1]
(41, 83), [1, -1]
(41, 83), [1, 0]
(45, 83), [1, -1]
(55, 83), [-1, 1]
(67, 83), [1, 0]
(92, 83), [1, -1]
(92, 83), [1, 1]
(103, 83), [-1, 0]
(103, 83), [0, 1]
(107, 83), [-1, -1]
(110, 83), [0, -1]
(113, 83), [-1, -1]
(113, 83), [-1, 1]
(127, 83), [-1, -1]
(127, 83), [-1, 1]
(127, 83), [0, 1]
(132, 83), [0, -1]
(133, 83), [1, 1]
(3, 84), [-1, 1]
(36, 84), [-1, 1]
(39, 84), [-1, 1]
(57, 84), [1, -1]
(60, 84), [1, -1]
(62, 84), [-1, -1]
(71, 84), [-1, 0]
(80, 84), [1, -1]
(88, 84), [-1, 1]
(88, 84), [0, 1]
(116, 84), [-1, -1]
(118, 84), [1, 0]
(128, 84), [1, 0]
(133, 84), [1, -1]
(133, 84), [1, 0]
(4, 85), [1, 1]
(15, 85), [1, -1]
(18, 85), [0, -1]
(20, 85), [-1, -1]
(20, 85), [1, 1]
(27, 85), [1, 1]
(31, 85), [0, 1]
(31, 85), [1, -1]
(37, 85), [1, 0]
(43, 85), [-1, 0]
(47, 85), [-1, 0]
(47, 85), [1, -1]
(55, 85), [-1, 1]
(61, 85), [-1, 1]
(61, 85), [1, 1]
(75, 85), [1, -1]
(110, 85), [1, 1]
(119, 85), [1, 1]
(137, 85), [0, -1]
(6, 86), [-1, 0]
(8, 86), [1, -1]
(12, 86), [1, 1]
(17, 86), [1, 0]
(36, 86), [-1, 1]
(47, 86), [-1, 0]
(61, 86), [-1, 0]
(61, 86), [1, -1]
(61, 86), [1, 0]
(68, 86), [-1, -1]
(71, 86), [1, -1]
(71, 86), [1, 0]
(77, 86), [-1, 0]
(78, 86), [1, 0]
(117, 86), [-1, 0]
(121, 86), [-1, 0]
(5, 87), [1, 1]
(37, 87), [1, -1]
(37, 87), [1, 0]
(37, 87), [1, 1]
(43, 87), [-1, 0]
(47, 87), [-1, -1]
(61, 87), [-1, 0]
(72, 87), [-1, 1]
(76, 87), [-1, 1]
(80, 87), [-1, 0]
(80, 87), [-1, 1]
(91, 87), [1, 1]
(96, 87), [0, 1]
(98, 87), [1, 1]
(103, 87), [-1, 1]
(111, 87), [1, -1]
(111, 87), [1, 1]
(113, 87), [-1, -1]
(116, 87), [0, 1]
(133, 87), [1, -1]
(133, 87), [1, 1]
(4, 88), [-1, -1]
(33, 88), [1, 1]
(35, 88), [-1, -1]
(35, 88), [-1, 1]
(35, 88), [1, 1]
(37, 88), [-1, 1]
(37, 88), [1, -1]
(49, 88), [-1, 0]
(49, 88), [-1, 1]
(55, 88), [1, -1]
(61, 88), [-1, -1]
(61, 88), [1, 0]
(66, 88), [-1, 1]
(76, 88), [-1, 1]
(84, 88), [0, -1]
(110, 88), [0, 1]
(115, 88), [-1, 1]
(115, 88), [0, -1]
(13, 89), [0, 1]
(29, 89), [-1, -1]
(29, 89), [-1, 1]
(49, 89), [-1, 0]
(53, 89), [1, 1]
(56, 89), [0, 1]
(59, 89), [-1, 1]
(71, 89), [1, -1]
(92, 89), [1, -1]
(95, 89), [0, 1]
(98, 89), [-1, 1]
(98, 89), [1, -1]
(102, 89), [-1, -1]
(102, 89), [0, 1]
(106, 89), [0, -1]
(106, 89), [1, 0]
(115, 89), [1, -1]
(124, 89), [0, -1]
(130, 89), [-1, -1]
(130, 89), [1, 0]
(134, 89), [1, 1]
(17, 90), [0, 1]
(25, 90), [1, 1]
(36, 90), [-1, -1]
(36, 90), [0, -1]
(43, 90), [-1, -1]
(43, 90), [-1, 0]
(68, 90), [-1, 0]
(68, 90), [1, -1]
(76, 90), [-1, 0]
(123, 90), [1, 1]
(133, 90), [-1, 0]
(133, 90), [0, 1]
(2, 91), [1, 1]
(6, 91), [-1, 1]
(6, 91), [0, 1]
(8, 91), [-1, 1]
(8, 91), [0, 1]
(19, 91), [1, 1]
(22, 91), [0, 1]
(22, 91), [1, 1]
(25, 91), [-1, 1]
(25, 91), [1, 0]
(31, 91), [-1, 0]
(31, 91), [0, -1]
(37, 91), [1, 1]
(41, 91), [-1, 0]
(41, 91), [-1, 1]
(43, 91), [-1, 1]
(43, 91), [1, -1]
(53, 91), [-1, 1]
(53, 91), [1, -1]
(54, 91), [-1, -1]
(70, 91), [1, 0]
(74, 91), [1, 1]
(78, 91), [1, -1]
(97, 91), [0, -1]
(119, 91), [0, -1]
(119, 91), [1, 0]
(119, 91), [1, 1]
(129, 91), [-1, -1]
(18, 92), [-1, -1]
(29, 92), [-1, 0]
(33, 92), [0, -1]
(44, 92), [0, 1]
(47, 92), [1, 1]
(50, 92), [0, -1]
(51, 92), [1, 0]
(51, 92), [1, 1]
(61, 92), [-1, 0]
(61, 92), [1, 1]
(62, 92), [1, 0]
(66, 92), [1, 0]
(86, 92), [-1, -1]
(86, 92), [0, -1]
(109, 92), [1, 1]
(113, 92), [-1, 1]
(126, 92), [1, 0]
(132, 92), [-1, 0]
(132, 92), [-1, 1]
(134, 92), [1, 1]
(136, 92), [-1, 1]
(9, 93), [1, -1]
(9, 93), [1, 1]
(15, 93), [-1, -1]
(15, 93), [-1, 1]
(19, 93), [-1, 1]
(19, 93), [1, -1]
(27, 93), [1, -1]
(27, 93), [1, 1]
(29, 93), [-1, -1]
(29, 93), [1, 0]
(29, 93), [1, 1]
(53, 93), [-1, 0]
(70, 93), [-1, 1]
(70, 93), [1, -1]
(74, 93), [-1, -1]
(74, 93), [1, -1]
(74, 93), [1, 0]
(84, 93), [-1, -1]
(90, 93), [-1, 0]
(90, 93), [-1, 1]
(90, 93), [0, -1]
(92, 93), [0, -1]
(107, 93), [-1, 0]
(116, 93), [0, -1]
(119, 93), [1, 1]
(130, 93), [1, 0]
(11, 94), [1, 1]
(13, 94), [1, -1]
(15, 94), [1, -1]
(16, 94), [0, -1]
(17, 94), [-1, -1]
(17, 94), [-1, 1]
(35, 94), [1, 0]
(39, 94), [1, -1]
(41, 94), [-1, -1]
(41, 94), [0, 1]
(41, 94), [1, -1]
(45, 94), [-1, -1]
(45, 94), [0, 1]
(56, 94), [-1, 1]
(80, 94), [-1, 1]
(126, 94), [1, 1]
(128, 94), [-1, 1]
(3, 95), [-1, 1]
(9, 95), [1, -1]
(19, 95), [1, 1]
(25, 95), [-1, 1]
(67, 95), [1, 1]
(71, 95), [-1, 1]
(71, 95), [1, 1]
(74, 95), [1, -1]
(74, 95), [1, 0]
(78, 95), [1, -1]
(78, 95), [1, 0]
(86, 95), [-1, 1]
(90, 95), [-1, -1]
(90, 95), [-1, 0]
(95, 95), [-1, 1]
(96, 95), [-1, -1]
(130, 95), [1, 0]
(134, 95), [1, -1]
(134, 95), [1, 0]
(8, 96), [1, 1]
(11, 96), [1, 1]
(14, 96), [1, 1]
(23, 96), [1, 0]
(42, 96), [1, -1]
(47, 96), [0, -1]
(47, 96), [1, -1]
(47, 96), [1, 1]
(49, 96), [-1, -1]
(49, 96), [1, 1]
(53, 96), [-1, 1]
(66, 96), [-1, 1]
(84, 96), [1, 1]
(100, 96), [-1, 1]
(103, 96), [-1, 1]
(107, 96), [-1, -1]
(109, 96), [1, 1]
(123, 96), [1, -1]
(129, 96), [-1, -1]
(136, 96), [-1, -1]
(136, 96), [1, 1]
(3, 97), [-1, -1]
(5, 97), [0, -1]
(18, 97), [1, 1]
(20, 97), [0, -1]
(25, 97), [-1, -1]
(30, 97), [-1, -1]
(66, 97), [1, 1]
(68, 97), [1, -1]
(68, 97), [1, 1]
(71, 97), [0, 1]
(72, 97), [-1, 1]
(117, 97), [-1, -1]
(119, 97), [0, -1]
(119, 97), [1, -1]
(122, 97), [-1, -1]
(122, 97), [-1, 1]
(123, 97), [1, 1]
(132, 97), [-1, 1]
(5, 98), [-1, 1]
(6, 98), [0, 1]
(11, 98), [-1, 1]
(11, 98), [1, -1]
(11, 98), [1, 1]
(27, 98), [-1, -1]
(53, 98), [-1, 0]
(58, 98), [-1, 1]
(65, 98), [-1, -1]
(65, 98), [-1, 1]
(78, 98), [1, -1]
(84, 98), [-1, -1]
(84, 98), [1, 0]
(106, 98), [-1, -1]
(106, 98), [1, -1]
(108, 98), [-1, -1]
(130, 98), [1, -1]
(130, 98), [1, 1]
(136, 98), [1, 1]
(1, 99), [0, -1]
(27, 99), [1, -1]
(32, 99), [0, -1]
(32, 99), [1, -1]
(37, 99), [-1, -1]
(37, 99), [0, -1]
(67, 99), [0, -1]
(67, 99), [1, 1]
(77, 99), [-1, -1]
(77, 99), [1, 0]
(119, 99), [-1, 0]
(132, 99), [-1, 0]
(132, 99), [-1, 1]
(11, 100), [-1, 1]
(11, 100), [1, -1]
(31, 100), [-1, 0]
(41, 100), [-1, 0]
(41, 100), [0, -1]
(53, 100), [1, -1]
(54, 100), [1, -1]
(55, 100), [0, -1]
(60, 100), [-1, 1]
(62, 100), [1, 1]
(64, 100), [-1, 1]
(64, 100), [1, 0]
(79, 100), [-1, 1]
(79, 100), [1, 1]
(84, 100), [1, -1]
(86, 100), [1, 1]
(88, 100), [0, 1]
(95, 100), [-1, -1]
(95, 100), [1, 1]
(101, 100), [1, -1]
(101, 100), [1, 1]
(114, 100), [-1, -1]
(115, 100), [0, 1]
(116, 100), [-1, -1]
(116, 100), [-1, 1]
(133, 100), [0, -1]
(20, 101), [0, -1]
(23, 101), [-1, -1]
(28, 101), [1, 0]
(39, 101), [-1, 1]
(42, 101), [1, 1]
(68, 101), [-1, 0]
(68, 101), [0, -1]
(84, 101), [1, -1]
(92, 101), [-1, -1]
(92, 101), [1, 0]
(105, 101), [-1, 1]
(120, 101), [1, -1]
(122, 101), [-1, -1]
(126, 101), [-1, 1]
(126, 101), [1, -1]
(127, 101), [0, -1]
(132, 101), [-1, -1]
(132, 101), [-1, 0]
(132, 101), [1, 1]
(138, 101), [-1, 0]
(138, 101), [-1, 1]
(0, 102), [0, 1]
(6, 102), [0, 1]
(6, 102), [1, -1]
(7, 102), [-1, 1]
(8, 102), [-1, -1]
(8, 102), [-1, 1]
(8, 102), [1, -1]
(10, 102), [-1, -1]
(11, 102), [-1, 1]
(11, 102), [1, -1]
(29, 102), [0, -1]
(30, 102), [1, 0]
(50, 102), [-1, 0]
(54, 102), [1, 1]
(79, 102), [-1, -1]
(96, 102), [1, -1]
(100, 102), [-1, -1]
(102, 102), [-1, -1]
(136, 102), [-1, 1]
(136, 102), [1, -1]
(136, 102), [1, 0]
(9, 103), [1, 0]
(21, 103), [0, -1]
(27, 103), [-1, 1]
(31, 103), [-1, 0]
(31, 103), [-1, 1]
(35, 103), [1, -1]
(36, 103), [-1, -1]
(36, 103), [0, -1]
(38, 103), [1, 1]
(52, 103), [-1, 0]
(68, 103), [-1, 0]
(68, 103), [1, -1]
(69, 103), [0, -1]
(71, 103), [0, -1]
(74, 103), [-1, -1]
(95, 103), [1, 0]
(122, 103), [1, -1]
(123, 103), [-1, -1]
(137, 103), [0, 1]
(3, 104), [-1, -1]
(3, 104), [1, -1]
(7, 104), [-1, -1]
(11, 104), [-1, -1]
(16, 104), [-1, -1]
(16, 104), [1, -1]
(20, 104), [-1, -1]
(31, 104), [-1, 1]
(31, 104), [1, 0]
(35, 104), [-1, 1]
(53, 104), [-1, 1]
(53, 104), [1, 1]
(57, 104), [-1, 1]
(60, 104), [-1, -1]
(64, 104), [-1, -1]
(72, 104), [1, -1]
(75, 104), [0, -1]
(76, 104), [-1, -1]
(79, 104), [-1, -1]
(79, 104), [-1, 1]
(82, 104), [1, 0]
(101, 104), [1, -1]
(110, 104), [-1, -1]
(110, 104), [1, 1]
(121, 104), [-1, 0]
(121, 104), [-1, 1]
(122, 104), [1, 1]
(126, 104), [-1, 0]
(130, 104), [-1, 0]
(136, 104), [-1, -1]
(14, 105), [1, 1]
(38, 105), [1, -1]
(49, 105), [-1, 1]
(60, 105), [0, 1]
(87, 105), [-1, 1]
(98, 105), [0, 1]
(99, 105), [-1, 1]
(113, 105), [-1, -1]
(4, 106), [1, 1]
(31, 106), [-1, -1]
(31, 106), [-1, 0]
(68, 106), [1, 1]
(72, 106), [-1, 1]
(79, 106), [-1, -1]
(91, 106), [-1, -1]
(92, 106), [0, 1]
(92, 106), [1, 0]
(96, 106), [-1, 1]
(117, 106), [-1, 1]
(117, 106), [1, -1]
(118, 106), [-1, -1]
(121, 106), [-1, -1]
(126, 106), [1, -1]
(133, 106), [-1, 0]
(6, 107), [-1, 0]
(10, 107), [-1, 0]
(14, 107), [1, -1]
(14, 107), [1, 1]
(25, 107), [0, -1]
(29, 107), [1, 0]
(35, 107), [-1, 0]
(64, 107), [-1, -1]
(64, 107), [1, 1]
(66, 107), [1, -1]
(70, 107), [-1, -1]
(70, 107), [-1, 0]
(0, 108), [0, -1]
(0, 108), [1, -1]
(0, 108), [1, 1]
(2, 108), [0, -1]
(2, 108), [1, 1]
(31, 108), [-1, -1]
(33, 108), [1, -1]
(33, 108), [1, 0]
(38, 108), [1, -1]
(41, 108), [-1, 1]
(47, 108), [1, -1]
(55, 108), [-1, 1]
(55, 108), [0, -1]
(57, 108), [-1, 1]
(72, 108), [1, -1]
(79, 108), [-1, 0]
(105, 108), [-1, 0]
(106, 108), [0, -1]
(113, 108), [-1, -1]
(113, 108), [-1, 1]
(113, 108), [1, 0]
(119, 108), [-1, 0]
(122, 108), [-1, 1]
(122, 108), [1, -1]
(122, 108), [1, 1]
(14, 109), [1, -1]
(15, 109), [1, -1]
(34, 109), [-1, 0]
(34, 109), [-1, 1]
(47, 109), [1, 0]
(58, 109), [1, -1]
(59, 109), [0, -1]
(60, 109), [-1, 1]
(65, 109), [-1, -1]
(65, 109), [0, -1]
(95, 109), [1, 1]
(96, 109), [0, 1]
(97, 109), [0, -1]
(97, 109), [1, 1]
(98, 109), [-1, -1]
(98, 109), [0, 1]
(103, 109), [-1, 1]
(105, 109), [-1, 1]
(117, 109), [-1, 0]
(134, 109), [1, -1]
(137, 109), [0, -1]
(22, 110), [-1, 1]
(37, 110), [1, 0]
(51, 110), [1, -1]
(73, 110), [1, -1]
(75, 110), [0, 1]
(86, 110), [1, -1]
(87, 110), [-1, -1]
(89, 110), [0, -1]
(89, 110), [1, 1]
(115, 110), [1, -1]
(122, 110), [-1, -1]
(122, 110), [1, -1]
(126, 110), [-1, 0]
(126, 110), [0, -1]
(127, 110), [-1, -1]
(129, 110), [-1, -1]
(139, 110), [-1, 1]
(139, 110), [0, 1]
(44, 111), [1, 0]
(49, 111), [1, 0]
(73, 111), [1, -1]
(116, 111), [-1, 1]
(122, 111), [1, 0]
(127, 111), [1, -1]
(127, 111), [1, 1]
(133, 111), [-1, -1]
(15, 112), [-1, -1]
(24, 112), [1, -1]
(29, 112), [-1, -1]
(37, 112), [-1, 1]
(72, 112), [-1, -1]
(82, 112), [-1, -1]
(104, 112), [-1, 1]
(118, 112), [1, 1]
(124, 112), [-1, 0]
(136, 112), [1, -1]
(50, 113), [-1, 0]
(55, 113), [1, -1]
(95, 113), [0, -1]
(99, 113), [0, -1]
(101, 113), [0, -1]
(102, 113), [-1, -1]
(102, 113), [1, -1]
(102, 113), [1, 0]
(116, 113), [1, -1]
(122, 113), [-1, 1]
(7, 114), [-1, -1]
(19, 114), [1, -1]
(30, 114), [1, 1]
(38, 114), [-1, -1]
(38, 114), [1, 0]
(51, 114), [1, -1]
(62, 114), [0, -1]
(66, 114), [0, 1]
(69, 114), [-1, 1]
(71, 114), [1, -1]
(73, 114), [1, -1]
(75, 114), [-1, -1]
(78, 114), [0, 1]
(79, 114), [-1, 1]
(79, 114), [1, 1]
(80, 114), [-1, -1]
(80, 114), [0, 1]
(88, 114), [-1, -1]
(88, 114), [1, -1]
(88, 114), [1, 1]
(90, 114), [1, -1]
(92, 114), [-1, -1]
(93, 114), [0, -1]
(94, 114), [-1, -1]
(94, 114), [-1, 1]
(94, 114), [1, 1]
(95, 114), [-1, -1]
(104, 114), [-1, 0]
(118, 114), [1, -1]
(118, 114), [1, 1]
(125, 114), [1, -1]
(125, 114), [1, 1]
(131, 114), [-1, -1]
(131, 114), [-1, 1]
(131, 114), [1, -1]
(133, 114), [1, 1]
(136, 114), [0, 1]
(12, 115), [0, 1]
(12, 115), [1, 1]
(15, 115), [0, 1]
(16, 115), [-1, 1]
(16, 115), [0, -1]
(16, 115), [1, 0]
(24, 115), [-1, 1]
(39, 115), [0, 1]
(44, 115), [1, -1]
(44, 115), [1, 0]
(48, 115), [-1, -1]
(50, 115), [-1, -1]
(56, 115), [1, -1]
(56, 115), [1, 0]
(60, 115), [-1, -1]
(72, 115), [-1, 0]
(87, 115), [-1, 1]
(100, 115), [0, -1]
(111, 115), [0, 1]
(131, 115), [-1, 0]
(7, 116), [-1, -1]
(22, 116), [-1, 1]
(29, 116), [1, -1]
(30, 116), [1, -1]
(35, 116), [0, -1]
(35, 116), [1, 0]
(42, 116), [1, -1]
(42, 116), [1, 0]
(49, 116), [-1, 1]
(49, 116), [0, 1]
(60, 116), [-1, 0]
(64, 116), [0, 1]
(70, 116), [1, -1]
(85, 116), [0, -1]
(85, 116), [1, -1]
(91, 116), [-1, -1]
(100, 116), [-1, 1]
(112, 116), [1, -1]
(118, 116), [-1, 1]
(118, 116), [1, -1]
(123, 116), [0, 1]
(9, 117), [-1, -1]
(11, 117), [0, -1]
(11, 117), [1, -1]
(13, 117), [-1, -1]
(13, 117), [1, 1]
(16, 117), [0, 1]
(28, 117), [-1, 0]
(28, 117), [0, -1]
(37, 117), [1, 1]
(38, 117), [1, -1]
(44, 117), [-1, -1]
(44, 117), [1, 0]
(57, 117), [-1, -1]
(98, 117), [-1, 1]
(107, 117), [1, -1]
(110, 117), [0, -1]
(112, 117), [-1, -1]
(129, 117), [1, 1]
(130, 117), [-1, 1]
(130, 117), [0, 1]
(131, 117), [-1, 1]
(131, 117), [1, 1]
(133, 117), [-1, 1]
(8, 118), [-1, 0]
(27, 118), [1, 1]
(37, 118), [-1, 1]
(55, 118), [0, 1]
(57, 118), [-1, 1]
(57, 118), [0, 1]
(65, 118), [-1, -1]
(65, 118), [0, -1]
(66, 118), [1, -1]
(76, 118), [1, -1]
(90, 118), [-1, 0]
(93, 118), [-1, 1]
(93, 118), [1, -1]
(94, 118), [-1, -1]
(94, 118), [1, -1]
(101, 118), [1, 1]
(117, 118), [0, -1]
(119, 118), [-1, -1]
(121, 118), [-1, 1]
(125, 118), [0, -1]
(125, 118), [1, -1]
(1, 119), [1, -1]
(5, 119), [-1, 0]
(10, 119), [1, 1]
(13, 119), [1, -1]
(14, 119), [0, -1]
(22, 119), [-1, 0]
(51, 119), [1, 0]
(79, 119), [-1, 0]
(100, 119), [-1, 0]
(103, 119), [1, -1]
(109, 119), [-1, 1]
(114, 119), [0, 1]
(126, 119), [-1, 0]
(135, 119), [1, 1]
(23, 120), [-1, 1]
(31, 120), [0, 1]
(33, 120), [0, 1]
(33, 120), [1, -1]
(34, 120), [-1, 1]
(34, 120), [0, -1]
(69, 120), [-1, -1]
(69, 120), [-1, 0]
(75, 120), [0, 1]
(82, 120), [-1, -1]
(82, 120), [-1, 1]
(94, 120), [1, -1]
(101, 120), [-1, 1]
(120, 120), [0, -1]
(122, 120), [-1, -1]
(122, 120), [1, 1]
(126, 120), [-1, 1]
(137, 120), [0, -1]
(20, 121), [-1, -1]
(27, 121), [-1, 1]
(27, 121), [1, 0]
(39, 121), [-1, -1]
(39, 121), [0, -1]
(41, 121), [1, 1]
(47, 121), [-1, 1]
(84, 121), [1, -1]
(95, 121), [1, 1]
(105, 121), [1, -1]
(115, 121), [1, 1]
(119, 121), [1, 0]
(134, 121), [-1, -1]
(134, 121), [-1, 1]
(3, 122), [-1, 0]
(41, 122), [1, -1]
(45, 122), [-1, -1]
(50, 122), [-1, -1]
(51, 122), [-1, -1]
(51, 122), [1, -1]
(51, 122), [1, 1]
(61, 122), [1, -1]
(64, 122), [-1, 1]
(64, 122), [1, 0]
(70, 122), [-1, 0]
(70, 122), [1, 1]
(73, 122), [0, 1]
(87, 122), [1, -1]
(101, 122), [-1, 1]
(118, 122), [1, 0]
(122, 122), [1, 0]
(7, 123), [-1, -1]
(7, 123), [0, 1]
(10, 123), [1, -1]
(13, 123), [1, -1]
(26, 123), [1, 1]
(94, 123), [-1, 1]
(106, 123), [1, -1]
(114, 123), [-1, -1]
(114, 123), [-1, 0]
(130, 123), [0, -1]
(131, 123), [-1, -1]
(131, 123), [1, 1]
(9, 124), [0, -1]
(10, 124), [1, -1]
(17, 124), [-1, 1]
(22, 124), [-1, 1]
(36, 124), [-1, 1]
(47, 124), [-1, 0]
(47, 124), [1, 1]
(51, 124), [-1, -1]
(51, 124), [-1, 1]
(51, 124), [1, -1]
(57, 124), [-1, -1]
(58, 124), [-1, -1]
(82, 124), [-1, -1]
(89, 124), [1, -1]
(4, 125), [-1, 0]
(4, 125), [1, 1]
(20, 125), [-1, -1]
(26, 125), [0, 1]
(52, 125), [0, 1]
(90, 125), [-1, 0]
(105, 125), [1, -1]
(107, 125), [1, 1]
(117, 125), [-1, -1]
(117, 125), [1, 1]
(135, 125), [1, -1]
(135, 125), [1, 1]
(137, 125), [-1, 1]
(8, 126), [0, -1]
(11, 126), [1, 1]
(31, 126), [1, -1]
(46, 126), [1, 1]
(47, 126), [-1, -1]
(54, 126), [-1, -1]
(73, 126), [1, -1]
(74, 126), [0, -1]
(88, 126), [1, 0]
(98, 126), [1, 1]
(99, 126), [1, 1]
(102, 126), [0, 1]
(124, 126), [0, 1]
(125, 126), [1, 1]
(126, 126), [0, 1]
(127, 126), [-1, 1]
(127, 126), [1, 0]
(0, 127), [1, -1]
(0, 127), [1, 1]
(4, 127), [-1, 1]
(38, 127), [-1, 0]
(40, 127), [1, 0]
(57, 127), [-1, -1]
(66, 127), [0, -1]
(66, 127), [1, 1]
(69, 127), [-1, -1]
(90, 127), [-1, -1]
(92, 127), [-1, 1]
(107, 127), [1, 0]
(122, 127), [1, -1]
(131, 127), [-1, 0]
(131, 127), [0, -1]
(133, 127), [-1, -1]
(134, 127), [-1, -1]
(14, 128), [1, -1]
(15, 128), [1, -1]
(16, 128), [1, -1]
(16, 128), [1, 1]
(17, 128), [-1, -1]
(17, 128), [-1, 1]
(17, 128), [0, -1]
(18, 128), [1, 1]
(19, 128), [0, 1]
(19, 128), [1, -1]
(21, 128), [1, 1]
(36, 128), [-1, 1]
(36, 128), [1, -1]
(38, 128), [1, -1]
(59, 128), [-1, 0]
(60, 128), [0, -1]
(70, 128), [-1, 1]
(70, 128), [1, -1]
(83, 128), [1, 1]
(96, 128), [0, 1]
(99, 128), [-1, 1]
(99, 128), [1, -1]
(103, 128), [-1, -1]
(103, 128), [0, -1]
(112, 128), [0, -1]
(112, 128), [1, 1]
(113, 128), [-1, -1]
(113, 128), [1, 1]
(115, 128), [-1, -1]
(115, 128), [0, -1]
(115, 128), [0, 1]
(115, 128), [1, 1]
(135, 128), [1, -1]
(13, 129), [-1, -1]
(15, 129), [-1, 1]
(32, 129), [-1, -1]
(37, 129), [1, 1]
(38, 129), [-1, -1]
(39, 129), [-1, 1]
(54, 129), [1, 0]
(58, 129), [1, 0]
(62, 129), [0, 1]
(64, 129), [-1, 1]
(75, 129), [-1, 1]
(75, 129), [0, -1]
(75, 129), [1, -1]
(83, 129), [-1, 1]
(104, 129), [-1, 1]
(104, 129), [1, -1]
(104, 129), [1, 1]
(119, 129), [1, 1]
(139, 129), [-1, 1]
(21, 130), [-1, 1]
(30, 130), [1, -1]
(48, 130), [0, -1]
(50, 130), [1, 1]
(53, 130), [-1, -1]
(56, 130), [-1, -1]
(87, 130), [-1, 0]
(91, 130), [1, 0]
(91, 130), [1, 1]
(95, 130), [1, -1]
(98, 130), [0, -1]
(107, 130), [1, -1]
(107, 130), [1, 1]
(110, 130), [0, 1]
(112, 130), [-1, 1]
(113, 130), [-1, -1]
(113, 130), [-1, 1]
(125, 130), [-1, 1]
(125, 130), [0, -1]
(128, 130), [-1, -1]
(42, 131), [1, -1]
(60, 131), [-1, 0]
(63, 131), [0, -1]
(69, 131), [1, -1]
(77, 131), [1, -1]
(88, 131), [1, 0]
(101, 131), [-1, 0]
(107, 131), [1, -1]
(126, 131), [1, 1]
(135, 131), [1, -1]
(138, 131), [0, -1]
(139, 131), [-1, -1]
(139, 131), [-1, 1]
(15, 132), [-1, 0]
(16, 132), [0, 1]
(17, 132), [-1, -1]
(26, 132), [-1, -1]
(26, 132), [1, 1]
(43, 132), [1, 0]
(54, 132), [-1, -1]
(54, 132), [-1, 0]
(54, 132), [1, 1]
(85, 132), [1, 1]
(98, 132), [1, 0]
(129, 132), [1, 0]
(1, 133), [1, -1]
(14, 133), [-1, 1]
(25, 133), [-1, -1]
(26, 133), [1, -1]
(26, 133), [1, 0]
(32, 133), [-1, -1]
(32, 133), [-1, 0]
(34, 133), [-1, -1]
(49, 133), [-1, 0]
(66, 133), [1, -1]
(72, 133), [-1, -1]
(75, 133), [-1, -1]
(76, 133), [-1, -1]
(85, 133), [1, -1]
(91, 133), [1, -1]
(99, 133), [-1, 1]
(99, 133), [0, -1]
(4, 134), [-1, 0]
(9, 134), [-1, -1]
(9, 134), [0, -1]
(17, 134), [1, 1]
(26, 134), [1, -1]
(40, 134), [0, 1]
(41, 134), [-1, 1]
(41, 134), [1, 1]
(42, 134), [0, 1]
(46, 134), [1, 0]
(46, 134), [1, 1]
(52, 134), [-1, 1]
(52, 134), [1, 0]
(67, 134), [1, 0]
(78, 134), [0, 1]
(89, 134), [-1, -1]
(91, 134), [1, 1]
(112, 134), [-1, -1]
(112, 134), [0, 1]
(112, 134), [1, -1]
(5, 135), [1, 1]
(9, 135), [-1, 1]
(10, 135), [-1, 1]
(10, 135), [0, 1]
(35, 135), [-1, 1]
(37, 135), [1, -1]
(54, 135), [-1, -1]
(54, 135), [1, 0]
(58, 135), [-1, 1]
(58, 135), [1, 1]
(60, 135), [-1, 1]
(74, 135), [0, 1]
(83, 135), [-1, -1]
(83, 135), [1, 1]
(84, 135), [-1, -1]
(84, 135), [0, -1]
(85, 135), [-1, -1]
(85, 135), [-1, 1]
(101, 135), [0, -1]
(139, 135), [-1, -1]
(0, 136), [1, -1]
(0, 136), [1, 1]
(17, 136), [-1, 1]
(17, 136), [1, -1]
(33, 136), [1, 1]
(38, 136), [-1, 1]
(58, 136), [1, 1]
(60, 136), [-1, 1]
(65, 136), [0, -1]
(70, 136), [1, -1]
(70, 136), [1, 1]
(72, 136), [-1, 1]
(85, 136), [1, 1]
(87, 136), [-1, 1]
(87, 136), [0, -1]
(87, 136), [1, 0]
(103, 136), [-1, 1]
(103, 136), [1, 0]
(103, 136), [1, 1]
(110, 136), [0, -1]
(110, 136), [1, 1]
(111, 136), [0, 1]
(21, 137), [1, -1]
(25, 137), [-1, -1]
(25, 137), [-1, 0]
(25, 137), [0, -1]
(36, 137), [0, -1]
(52, 137), [-1, -1]
(72, 137), [-1, 0]
(93, 137), [-1, -1]
(125, 137), [-1, 0]
(130, 137), [-1, 0]
(136, 137), [0, -1]
(136, 137), [1, -1]
(4, 138), [-1, 0]
(17, 138), [-1, 0]
(23, 138), [1, 0]
(52, 138), [-1, 0]
(103, 138), [-1, -1]
(103, 138), [1, 0]
(109, 138), [-1, 0]
(109, 138), [0, -1]
(114, 138), [1, -1]
(114, 138), [1, 0]
(119, 138), [1, -1]
(123, 138), [-1, 0]
(4, 139), [-1, -1]
(5, 139), [0, -1]
(8, 139), [1, -1]
(10, 139), [-1, -1]
(58, 139), [1, 0]
(64, 139), [-1, 0]
(64, 139), [1, 0]
(68, 139), [1, -1]
(70, 139), [-1, -1]
(93, 139), [-1, -1]
(97, 139), [-1, 0]
(97, 139), [1, -1]
(97, 139), [1, 0]
(105, 139), [-1, 0]
(116, 139), [1, 0]
(121, 139), [1, -1]
(125, 139), [-1, 0]
(133, 139), [-1, -1]
(133, 139), [-1, 0]
(138, 139), [0, -1]